1 25
1 2
2 1
2 26
2 3
3 2
3 27
3 4
4 3
4 28
4 5
5 4
5 29
22 46
22 23
23 22
23 47
25 1
25 49
25 26
26 25
26 2
26 50
26 27
27 26
27 3
27 51
27 28
28 27
28 4
28 52
28 29
29 28
29 5
29 53
32 56
32 33
33 32
33 57
33 34
34 33
34 58
34 35
35 34
35 59
35 36
36 35
36 60
36 37
37 36
37 61
37 38
38 37
38 62
38 39
39 38
39 63
39 40
40 39
40 64
40 41
41 40
41 65
41 42
42 41
42 66
42 43
43 42
43 67
43 44
44 43
44 68
46 22
46 70
46 47
47 46
47 23
47 71
49 25
49 73
49 50
50 49
50 26
50 74
50 51
51 50
51 27
51 75
51 52
52 51
52 28
52 76
52 53
53 52
53 29
53 77
56 32
56 80
56 57
57 56
57 33
57 81
57 58
58 57
58 34
58 82
58 59
59 58
59 35
59 83
59 60
60 59
60 36
60 84
60 61
61 60
61 37
61 85
61 62
62 61
62 38
62 86
62 63
63 62
63 39
63 87
63 64
64 63
64 40
64 88
64 65
65 64
65 41
65 89
65 66
66 65
66 42
66 90
66 67
67 66
67 43
67 91
67 68
68 67
68 44
68 92
70 46
70 94
70 71
71 70
71 47
71 95
73 49
73 97
73 74
74 73
74 50
74 98
74 75
75 74
75 51
75 99
75 76
76 75
76 52
76 100
76 77
77 76
77 53
77 101
80 56
80 104
80 81
81 80
81 57
81 105
81 82
82 81
82 58
82 106
82 83
83 82
83 59
83 107
83 84
84 83
84 60
84 108
84 85
85 84
85 61
85 109
85 86
86 85
86 62
86 110
86 87
87 86
87 63
87 111
87 88
88 87
88 64
88 112
88 89
89 88
89 65
89 113
89 90
90 89
90 66
90 114
90 91
91 90
91 67
91 115
91 92
92 91
92 68
92 116
94 70
94 118
94 95
95 94
95 71
95 119
97 73
97 121
97 98
98 97
98 74
98 122
98 99
99 98
99 75
99 123
99 100
100 99
100 76
100 124
100 101
101 100
101 77
101 125
104 80
104 128
104 105
105 104
105 81
105 129
105 106
106 105
106 82
106 130
106 107
107 106
107 83
107 131
107 108
108 107
108 84
108 132
108 109
109 108
109 85
109 133
109 110
110 109
110 86
110 134
110 111
111 110
111 87
111 135
111 112
112 111
112 88
112 136
112 113
113 112
113 89
113 137
113 114
114 113
114 90
114 138
114 115
115 114
115 91
115 139
115 116
116 115
116 92
116 140
118 94
118 142
118 119
119 118
119 95
119 143
121 97
121 145
121 122
122 121
122 98
122 146
122 123
123 122
123 99
123 147
123 124
124 123
124 100
124 148
124 125
125 124
125 101
125 149
128 104
128 129
129 128
129 105
129 130
130 129
130 106
130 131
131 130
131 107
131 155
131 132
132 131
132 108
132 156
132 133
133 132
133 109
133 134
134 133
134 110
134 135
135 134
135 111
135 136
136 135
136 112
136 137
137 136
137 113
137 138
138 137
138 114
138 139
139 138
139 115
139 163
139 140
140 139
140 116
140 164
142 118
142 166
142 143
143 142
143 119
143 167
145 121
145 169
145 146
146 145
146 122
146 170
146 147
147 146
147 123
147 171
147 148
148 147
148 124
148 172
148 149
149 148
149 125
149 173
155 131
155 179
155 156
156 155
156 132
156 180
163 139
163 187
163 164
164 163
164 140
164 188
166 142
166 190
166 167
167 166
167 143
167 191
169 145
169 193
169 170
170 169
170 146
170 194
170 171
171 170
171 147
171 195
171 172
172 171
172 148
172 196
172 173
173 172
173 149
173 197
176 200
176 177
177 176
177 201
177 178
178 177
178 202
178 179
179 178
179 155
179 203
179 180
180 179
180 156
180 204
187 163
187 211
187 188
188 187
188 164
188 212
190 166
190 214
190 191
191 190
191 167
191 215
193 169
193 217
193 194
194 193
194 170
194 218
194 195
195 194
195 171
195 219
195 196
196 195
196 172
196 220
196 197
197 196
197 173
197 221
200 176
200 224
200 201
201 200
201 177
201 225
201 202
202 201
202 178
202 226
202 203
203 202
203 179
203 227
203 204
204 203
204 180
204 228
211 187
211 235
211 212
212 211
212 188
212 236
214 190
214 238
214 215
215 214
215 191
215 239
217 193
217 218
218 217
218 194
218 219
219 218
219 195
219 220
220 219
220 196
220 221
221 220
221 197
224 200
224 248
224 225
225 224
225 201
225 249
225 226
226 225
226 202
226 250
226 227
227 226
227 203
227 228
228 227
228 204
228 229
229 228
229 230
230 229
230 231
231 230
231 232
232 231
232 256
232 233
233 232
233 257
233 234
234 233
234 258
234 235
235 234
235 211
235 236
236 235
236 212
238 214
238 262
238 239
239 238
239 215
239 263
247 271
247 248
248 247
248 224
248 272
248 249
249 248
249 225
249 273
249 250
250 249
250 226
250 274
256 232
256 257
257 256
257 233
257 258
258 257
258 234
262 238
262 286
262 263
263 262
263 239
263 287
266 290
266 267
267 266
267 291
267 268
268 267
268 292
268 269
269 268
269 293
269 270
270 269
270 294
270 271
271 270
271 247
271 295
271 272
272 271
272 248
272 296
272 273
273 272
273 249
273 297
273 274
274 273
274 250
274 298
278 302
278 279
279 278
279 303
283 307
283 284
284 283
284 308
286 262
286 310
286 287
287 286
287 263
287 311
290 266
290 314
290 291
291 290
291 267
291 315
291 292
292 291
292 268
292 316
292 293
293 292
293 269
293 317
293 294
294 293
294 270
294 318
294 295
295 294
295 271
295 319
295 296
296 295
296 272
296 320
296 297
297 296
297 273
297 321
297 298
298 297
298 274
298 322
302 278
302 303
303 302
303 279
303 304
304 303
304 305
305 304
305 306
306 305
306 307
307 306
307 283
307 308
308 307
308 284
310 286
310 311
311 310
311 287
314 290
314 315
315 314
315 291
315 316
316 315
316 292
316 317
317 316
317 293
317 318
318 317
318 294
318 342
318 319
319 318
319 295
319 343
319 320
320 319
320 296
320 344
320 321
321 320
321 297
321 345
321 322
322 321
322 298
322 346
342 318
342 343
343 342
343 319
343 367
343 344
344 343
344 320
344 368
344 345
345 344
345 321
345 369
345 346
346 345
346 322
346 370
350 374
350 351
351 350
351 375
351 352
352 351
352 376
352 353
353 352
353 377
353 354
354 353
354 378
354 355
355 354
355 379
355 356
356 355
356 380
356 357
357 356
357 381
357 358
358 357
358 382
361 385
367 343
367 391
367 368
368 367
368 344
368 392
368 369
369 368
369 345
369 393
369 370
370 369
370 346
370 394
370 371
371 370
371 395
371 372
372 371
372 396
374 350
374 398
374 375
375 374
375 351
375 399
375 376
376 375
376 352
376 400
376 377
377 376
377 353
377 401
377 378
378 377
378 354
378 402
378 379
379 378
379 355
379 403
379 380
380 379
380 356
380 404
380 381
381 380
381 357
381 405
381 382
382 381
382 358
382 406
385 361
385 409
385 386
386 385
386 410
386 387
387 386
387 411
387 388
388 387
388 412
391 367
391 415
391 392
392 391
392 368
392 416
392 393
393 392
393 369
393 417
393 394
394 393
394 370
394 418
394 395
395 394
395 371
395 419
395 396
396 395
396 372
396 420
398 374
398 422
398 399
399 398
399 375
399 423
399 400
400 399
400 376
400 424
400 401
401 400
401 377
401 425
401 402
402 401
402 378
402 426
402 403
403 402
403 379
403 427
403 404
404 403
404 380
404 428
404 405
405 404
405 381
405 429
405 406
406 405
406 382
406 430
409 385
409 433
409 410
410 409
410 386
410 434
410 411
411 410
411 387
411 435
411 412
412 411
412 388
412 436
415 391
415 439
415 416
416 415
416 392
416 440
416 417
417 416
417 393
417 441
417 418
418 417
418 394
418 442
418 419
419 418
419 395
419 443
419 420
420 419
420 396
420 444
422 398
422 446
422 423
423 422
423 399
423 447
423 424
424 423
424 400
424 448
424 425
425 424
425 401
425 449
425 426
426 425
426 402
426 450
426 427
427 426
427 403
427 451
427 428
428 427
428 404
428 452
428 429
429 428
429 405
429 453
429 430
430 429
430 406
430 454
433 409
433 457
433 434
434 433
434 410
434 458
434 435
435 434
435 411
435 459
435 436
436 435
436 412
436 460
439 415
439 463
439 440
440 439
440 416
440 464
440 441
441 440
441 417
441 465
441 442
442 441
442 418
442 466
442 443
443 442
443 419
443 467
443 444
444 443
444 420
444 468
446 422
446 470
446 447
447 446
447 423
447 471
447 448
448 447
448 424
448 472
448 449
449 448
449 425
449 473
449 450
450 449
450 426
450 474
450 451
451 450
451 427
451 475
451 452
452 451
452 428
452 476
452 453
453 452
453 429
453 477
453 454
454 453
454 430
454 478
457 433
457 481
457 458
458 457
458 434
458 482
458 459
459 458
459 435
459 483
459 460
460 459
460 436
460 484
463 439
463 487
463 464
464 463
464 440
464 488
464 465
465 464
465 441
465 489
465 466
466 465
466 442
466 490
466 467
467 466
467 443
467 491
467 468
468 467
468 444
468 492
470 446
470 494
470 471
471 470
471 447
471 495
471 472
472 471
472 448
472 496
472 473
473 472
473 449
473 497
473 474
474 473
474 450
474 498
474 475
475 474
475 451
475 499
475 476
476 475
476 452
476 500
476 477
477 476
477 453
477 501
477 478
478 477
478 454
478 502
481 457
481 505
481 482
482 481
482 458
482 506
482 483
483 482
483 459
483 507
483 484
484 483
484 460
484 508
487 463
487 511
487 488
488 487
488 464
488 512
488 489
489 488
489 465
489 513
489 490
490 489
490 466
490 514
490 491
491 490
491 467
491 515
491 492
492 491
492 468
492 516
492 493
493 492
493 517
493 494
494 493
494 470
494 518
494 495
495 494
495 471
495 519
495 496
496 495
496 472
496 520
496 497
497 496
497 473
497 521
497 498
498 497
498 474
498 522
498 499
499 498
499 475
499 523
499 500
500 499
500 476
500 524
500 501
501 500
501 477
501 525
501 502
502 501
502 478
502 526
505 481
505 529
505 506
506 505
506 482
506 530
506 507
507 506
507 483
507 531
507 508
508 507
508 484
508 532
511 487
511 512
512 511
512 488
512 513
513 512
513 489
513 537
513 514
514 513
514 490
514 515
515 514
515 491
515 516
516 515
516 492
516 517
517 516
517 493
517 518
518 517
518 494
518 519
519 518
519 495
519 520
520 519
520 496
520 521
521 520
521 497
521 522
522 521
522 498
522 523
523 522
523 499
523 524
524 523
524 500
524 525
525 524
525 501
525 526
526 525
526 502
529 505
529 530
530 529
530 506
530 531
531 530
531 507
531 532
532 531
532 508
537 513
